# viridis classic colours
# Source: created by Stéfan van der Walt (@stefanv) and Nathaniel Smith (@njsmith)
viridis_colours <- c(
  "#440154",
  "#440256",
  "#450457",
  "#450559",
  "#46075A",
  "#46085C",
  "#460A5D",
  "#460B5E",
  "#470D60",
  "#470E61",
  "#471063",
  "#471164",
  "#471365",
  "#481467",
  "#481668",
  "#481769",
  "#48186A",
  "#481A6C",
  "#481B6D",
  "#481C6E",
  "#481D6F",
  "#481F70",
  "#482071",
  "#482173",
  "#482374",
  "#482475",
  "#482576",
  "#482677",
  "#482878",
  "#482979",
  "#472A7A",
  "#472C7A",
  "#472D7B",
  "#472E7C",
  "#472F7D",
  "#46307E",
  "#46327E",
  "#46337F",
  "#463480",
  "#453581",
  "#453781",
  "#453882",
  "#443983",
  "#443A83",
  "#443B84",
  "#433D84",
  "#433E85",
  "#423F85",
  "#424086",
  "#424186",
  "#414287",
  "#414487",
  "#404588",
  "#404688",
  "#3F4788",
  "#3F4889",
  "#3E4989",
  "#3E4A89",
  "#3E4C8A",
  "#3D4D8A",
  "#3D4E8A",
  "#3C4F8A",
  "#3C508B",
  "#3B518B",
  "#3B528B",
  "#3A538B",
  "#3A548C",
  "#39558C",
  "#39568C",
  "#38588C",
  "#38598C",
  "#375A8C",
  "#375B8D",
  "#365C8D",
  "#365D8D",
  "#355E8D",
  "#355F8D",
  "#34608D",
  "#34618D",
  "#33628D",
  "#33638D",
  "#32648E",
  "#32658E",
  "#31668E",
  "#31678E",
  "#31688E",
  "#30698E",
  "#306A8E",
  "#2F6B8E",
  "#2F6C8E",
  "#2E6D8E",
  "#2E6E8E",
  "#2E6F8E",
  "#2D708E",
  "#2D718E",
  "#2C718E",
  "#2C728E",
  "#2C738E",
  "#2B748E",
  "#2B758E",
  "#2A768E",
  "#2A778E",
  "#2A788E",
  "#29798E",
  "#297A8E",
  "#297B8E",
  "#287C8E",
  "#287D8E",
  "#277E8E",
  "#277F8E",
  "#27808E",
  "#26818E",
  "#26828E",
  "#26828E",
  "#25838E",
  "#25848E",
  "#25858E",
  "#24868E",
  "#24878E",
  "#23888E",
  "#23898E",
  "#238A8D",
  "#228B8D",
  "#228C8D",
  "#228D8D",
  "#218E8D",
  "#218F8D",
  "#21908D",
  "#21918C",
  "#20928C",
  "#20928C",
  "#20938C",
  "#1F948C",
  "#1F958B",
  "#1F968B",
  "#1F978B",
  "#1F988B",
  "#1F998A",
  "#1F9A8A",
  "#1E9B8A",
  "#1E9C89",
  "#1E9D89",
  "#1F9E89",
  "#1F9F88",
  "#1FA088",
  "#1FA188",
  "#1FA187",
  "#1FA287",
  "#20A386",
  "#20A486",
  "#21A585",
  "#21A685",
  "#22A785",
  "#22A884",
  "#23A983",
  "#24AA83",
  "#25AB82",
  "#25AC82",
  "#26AD81",
  "#27AD81",
  "#28AE80",
  "#29AF7F",
  "#2AB07F",
  "#2CB17E",
  "#2DB27D",
  "#2EB37C",
  "#2FB47C",
  "#31B57B",
  "#32B67A",
  "#34B679",
  "#35B779",
  "#37B878",
  "#38B977",
  "#3ABA76",
  "#3BBB75",
  "#3DBC74",
  "#3FBC73",
  "#40BD72",
  "#42BE71",
  "#44BF70",
  "#46C06F",
  "#48C16E",
  "#4AC16D",
  "#4CC26C",
  "#4EC36B",
  "#50C46A",
  "#52C569",
  "#54C568",
  "#56C667",
  "#58C765",
  "#5AC864",
  "#5CC863",
  "#5EC962",
  "#60CA60",
  "#63CB5F",
  "#65CB5E",
  "#67CC5C",
  "#69CD5B",
  "#6CCD5A",
  "#6ECE58",
  "#70CF57",
  "#73D056",
  "#75D054",
  "#77D153",
  "#7AD151",
  "#7CD250",
  "#7FD34E",
  "#81D34D",
  "#84D44B",
  "#86D549",
  "#89D548",
  "#8BD646",
  "#8ED645",
  "#90D743",
  "#93D741",
  "#95D840",
  "#98D83E",
  "#9BD93C",
  "#9DD93B",
  "#A0DA39",
  "#A2DA37",
  "#A5DB36",
  "#A8DB34",
  "#AADC32",
  "#ADDC30",
  "#B0DD2F",
  "#B2DD2D",
  "#B5DE2B",
  "#B8DE29",
  "#BADE28",
  "#BDDF26",
  "#C0DF25",
  "#C2DF23",
  "#C5E021",
  "#C8E020",
  "#CAE11F",
  "#CDE11D",
  "#D0E11C",
  "#D2E21B",
  "#D5E21A",
  "#D8E219",
  "#DAE319",
  "#DDE318",
  "#DFE318",
  "#E2E418",
  "#E5E419",
  "#E7E419",
  "#EAE51A",
  "#ECE51B",
  "#EFE51C",
  "#F1E51D",
  "#F4E61E",
  "#F6E620",
  "#F8E621",
  "#FBE723",
  "#FDE725"
)

usethis::use_data(viridis_colours, overwrite = TRUE)

# viridis colour mako
# Source: created for the Seaborn statistical data visualization package for Python

mako_colours <- c(
  "#0B0405FF",
  "#0D0406FF",
  "#0E0508FF",
  "#0F0609FF",
  "#10060AFF",
  "#11070CFF",
  "#12080DFF",
  "#13090FFF",
  "#140910FF",
  "#150A12FF",
  "#160B13FF",
  "#170C15FF",
  "#180D16FF",
  "#190E18FF",
  "#1A0E19FF",
  "#1B0F1AFF",
  "#1C101CFF",
  "#1D111DFF",
  "#1E111FFF",
  "#1F1220FF",
  "#201322FF",
  "#211423FF",
  "#221425FF",
  "#231526FF",
  "#241628FF",
  "#251729FF",
  "#26172BFF",
  "#27182DFF",
  "#28192EFF",
  "#291930FF",
  "#291A31FF",
  "#2A1B33FF",
  "#2B1C35FF",
  "#2C1C36FF",
  "#2D1D38FF",
  "#2E1E39FF",
  "#2E1E3BFF",
  "#2F1F3DFF",
  "#30203EFF",
  "#312140FF",
  "#312142FF",
  "#322243FF",
  "#332345FF",
  "#342447FF",
  "#342548FF",
  "#35254AFF",
  "#35264CFF",
  "#36274DFF",
  "#37284FFF",
  "#372851FF",
  "#382953FF",
  "#382A54FF",
  "#392B56FF",
  "#3A2C58FF",
  "#3A2C59FF",
  "#3B2D5BFF",
  "#3B2E5DFF",
  "#3B2F5FFF",
  "#3C3060FF",
  "#3C3162FF",
  "#3D3164FF",
  "#3D3266FF",
  "#3E3367FF",
  "#3E3469FF",
  "#3E356BFF",
  "#3F366DFF",
  "#3F366FFF",
  "#3F3770FF",
  "#403872FF",
  "#403974FF",
  "#403A76FF",
  "#403B78FF",
  "#403C79FF",
  "#413D7BFF",
  "#413E7DFF",
  "#413E7FFF",
  "#413F80FF",
  "#414082FF",
  "#414184FF",
  "#414285FF",
  "#414387FF",
  "#414488FF",
  "#40468AFF",
  "#40478BFF",
  "#40488DFF",
  "#40498EFF",
  "#3F4A8FFF",
  "#3F4B90FF",
  "#3F4C92FF",
  "#3E4D93FF",
  "#3E4F94FF",
  "#3E5095FF",
  "#3D5195FF",
  "#3D5296FF",
  "#3C5397FF",
  "#3C5598FF",
  "#3B5698FF",
  "#3B5799FF",
  "#3B589AFF",
  "#3A599AFF",
  "#3A5B9BFF",
  "#3A5C9BFF",
  "#395D9CFF",
  "#395E9CFF",
  "#385F9CFF",
  "#38619DFF",
  "#38629DFF",
  "#38639DFF",
  "#37649EFF",
  "#37659EFF",
  "#37669EFF",
  "#37689FFF",
  "#36699FFF",
  "#366A9FFF",
  "#366B9FFF",
  "#366CA0FF",
  "#366DA0FF",
  "#366FA0FF",
  "#3670A0FF",
  "#3671A0FF",
  "#3572A1FF",
  "#3573A1FF",
  "#3574A1FF",
  "#3575A1FF",
  "#3576A2FF",
  "#3578A2FF",
  "#3579A2FF",
  "#357AA2FF",
  "#357BA3FF",
  "#357CA3FF",
  "#357DA3FF",
  "#357EA4FF",
  "#347FA4FF",
  "#3480A4FF",
  "#3482A4FF",
  "#3483A5FF",
  "#3484A5FF",
  "#3485A5FF",
  "#3486A5FF",
  "#3487A6FF",
  "#3488A6FF",
  "#3489A6FF",
  "#348BA6FF",
  "#348CA7FF",
  "#348DA7FF",
  "#348EA7FF",
  "#348FA7FF",
  "#3490A8FF",
  "#3491A8FF",
  "#3492A8FF",
  "#3493A8FF",
  "#3495A9FF",
  "#3496A9FF",
  "#3497A9FF",
  "#3498A9FF",
  "#3499AAFF",
  "#349AAAFF",
  "#359BAAFF",
  "#359CAAFF",
  "#359EAAFF",
  "#359FABFF",
  "#35A0ABFF",
  "#35A1ABFF",
  "#36A2ABFF",
  "#36A3ABFF",
  "#36A4ABFF",
  "#37A5ACFF",
  "#37A6ACFF",
  "#37A8ACFF",
  "#38A9ACFF",
  "#38AAACFF",
  "#39ABACFF",
  "#39ACACFF",
  "#3AADACFF",
  "#3AAEADFF",
  "#3BAFADFF",
  "#3CB1ADFF",
  "#3CB2ADFF",
  "#3DB3ADFF",
  "#3EB4ADFF",
  "#3FB5ADFF",
  "#3FB6ADFF",
  "#40B7ADFF",
  "#41B8ADFF",
  "#42B9ADFF",
  "#43BAADFF",
  "#44BCADFF",
  "#45BDADFF",
  "#46BEADFF",
  "#47BFADFF",
  "#48C0ADFF",
  "#49C1ADFF",
  "#4BC2ADFF",
  "#4CC3ADFF",
  "#4DC4ADFF",
  "#4FC5ADFF",
  "#50C6ADFF",
  "#52C7ADFF",
  "#53C9ADFF",
  "#55CAADFF",
  "#57CBADFF",
  "#59CCADFF",
  "#5BCDADFF",
  "#5ECDADFF",
  "#60CEACFF",
  "#62CFACFF",
  "#65D0ADFF",
  "#68D1ADFF",
  "#6AD2ADFF",
  "#6DD3ADFF",
  "#70D4ADFF",
  "#73D4ADFF",
  "#76D5AEFF",
  "#79D6AEFF",
  "#7CD6AFFF",
  "#7FD7AFFF",
  "#82D8B0FF",
  "#85D9B1FF",
  "#88D9B1FF",
  "#8BDAB2FF",
  "#8EDBB3FF",
  "#91DBB4FF",
  "#94DCB5FF",
  "#96DDB5FF",
  "#99DDB6FF",
  "#9CDEB7FF",
  "#9EDFB8FF",
  "#A1DFB9FF",
  "#A4E0BBFF",
  "#A6E1BCFF",
  "#A9E1BDFF",
  "#ABE2BEFF",
  "#AEE3C0FF",
  "#B0E4C1FF",
  "#B2E4C2FF",
  "#B5E5C4FF",
  "#B7E6C5FF",
  "#B9E6C7FF",
  "#BBE7C8FF",
  "#BEE8CAFF",
  "#C0E9CCFF",
  "#C2E9CDFF",
  "#C4EACFFF",
  "#C6EBD1FF",
  "#C8ECD2FF",
  "#CAEDD4FF",
  "#CCEDD6FF",
  "#CEEED7FF",
  "#D0EFD9FF",
  "#D2F0DBFF",
  "#D4F1DCFF",
  "#D6F1DEFF",
  "#D8F2E0FF",
  "#DAF3E1FF",
  "#DCF4E3FF",
  "#DEF5E5FF"
)

usethis::use_data(mako_colours, overwrite = TRUE)
